1.841816743674154466e+01
1.838014325354248868e+01
1.834366210765663041e+01
1.830484287212906125e+01
1.826563267056710416e+01
1.822599972809968349e+01
1.818797184079377161e+01
1.814752981058336800e+01
1.810358005640382117e+01
1.806227193194873237e+01
1.802262580618415555e+01
1.798048341872652500e+01
1.793680626989774751e+01
1.789376673754427216e+01
1.785247086970098351e+01
1.780966696505929647e+01
1.773851562373319624e+01
1.769343105807304894e+01
1.765022470469547855e+01
1.760425861858583474e+01
1.755901547133719376e+01
1.751211137511949190e+01
1.746712103062933252e+01
1.742054146787414837e+01
1.736983201508481400e+01
1.732236011778210028e+01
1.727424948498569179e+01
1.722577192374219024e+01
1.717554800471616616e+01
1.712620228008551138e+01
1.707746780602404968e+01
1.702709336871554413e+01
1.697104739941926610e+01
1.691953539966008080e+01
1.686761796916151823e+01
1.681527733939893565e+01
1.676092107175005097e+01
1.670750043392706985e+01
1.665490412422480304e+01
1.660046634641414087e+01
1.654266783265397933e+01
1.648569283252944118e+01
1.643101591258126604e+01
1.637298153535258294e+01
1.631592621791141440e+01
1.625814462024837326e+01
1.620139680886375189e+01
1.614111275962173764e+01
