1.332315441469581252e+01
1.316387718032102860e+01
1.300421088875771503e+01
1.284163070203545054e+01
1.266928654257055165e+01
1.249860999258561911e+01
1.232740815182517302e+01
1.215088740848194071e+01
1.196338057685945699e+01
1.178026294357588277e+01
1.159657669587679862e+01
1.140697058943000819e+01
1.120872409780479728e+01
1.101226283553303986e+01
1.081543794225566302e+01
1.061180820843876482e+01
6.887049061489156188e+00
6.612604824720227370e+00
6.341311169085377841e+00
6.057437379816057010e+00
5.768025169224378246e+00
5.473461031445557623e+00
5.177633201132143981e+00
4.876685825477059311e+00
2.384438923555839640e+00
2.027368075772008726e+00
1.668962168302803084e+00
1.298262915717960819e+00
9.210382565156771673e-01
5.367020900107968284e-01
1.508089440550486326e-01
-2.475660012087052830e-01
-5.502975241259217221e+00
-6.006605672005330021e+00
-6.511082490749382501e+00
-7.017836574244436854e+00
-7.548442747554910071e+00
-8.088989388007043146e+00
-8.630499786903818915e+00
-9.182652421394104536e+00
-9.751702146130082127e+00
-1.033024522225219854e+01
-1.091183462337989774e+01
-1.151110859406103692e+01
-1.211987243604799325e+01
-1.274056243153399670e+01
-1.336238065711916967e+01
-1.400296941913289039e+01
